0000000000000010
0000000000000000
0000000001100100
0000000000000000
0000000000000000
0000000000000000
0000000000000000
0000000000000000
0010011001000000
0000000000000000
0010011001000000
0010100010000000
0010010001000000
0011111001000000
0011010011000000
0010001001011000
0010101001010011
0000000000000000
0000000000000000
0000000000000000
0000000000000000
0000000000000000
0000000000000000
0000000000000000
0000000000000000
1000000000001111
0100110001010000
0010110001010011
0010111001010011
0000001001011110
0000010010101000
0011101001000000
0011011010000000
1000000011001000
0100101100000000
1000000000000001
0101001100000000
1000000011001000
0101010001000000
0011001001000000
0011100110000000
0000000000000000
0000000000000000
0000000000000000
0000000000000000
0011110111000000
0001101000000000
0001100000000000
