0000000000000000
0000000000000000
0000000000000000
0000000000000000
0000000000000000
0000000000000000
0000000000000000
0000000000000000
0000000000000000
0000000000000000
0000000000000000
0000000000000000
0000000000000000
0000000000000000
0000000000000000
0000000000000000
0011010010000000
0011010011000000
0011010100000000
1000000011110101
0100101001000000
0011101001000000
0011101010000000
0011011001000000
0011011010000000
1000001000000000
0101010010000000
1000001000000010
0101010001000000
1000001000000010
0101001011000000
1000001000000000
0101001100000000
